[bg.jpg]
filters=finetune2=1,0.058480,0.072982,0.070175,00000000,0.000000;
moddate=802ad4d6b4bdd601
width=299
height=168
textactive=0
[bg.1.jpg]
filters=finetune2=1,0.000000,0.000000,0.056140,00000000,0.000000;
moddate=006f0bb887bdd601
width=1680
height=1050
textactive=0
